 4.25671502e-02 4.53366883e-01
 -4.41280379e-01 7.47590081e-01
 -5.09587319e-01 5.37299110e-01
 -4.06274529e-01 8.44903010e-01
 -3.53372676e-01 7.90887037e-01
 -5.30400086e-01 1.64145652e-01
 -6.27893115e-01 3.21953799e-01
 -2.99821530e-01 3.36186658e-01
 -7.78821907e-01 3.42717798e-01
 -4.66523289e-01 6.17418037e-01
 -3.07286540e-01 3.83696408e-01
 -1.95700172e-01 3.86394825e-01
 -3.30621160e-01 5.75034048e-01
 -3.29440807e-01 6.98908156e-01
 -5.26645579e-01 5.90568957e-01
 -4.59432086e-01 2.84733033e-01
 -4.86583510e-01 2.52097045e-01
 -5.68514935e-01 5.57171632e-01
 -1.64226290e-01 5.12466679e-01
 -3.18161450e-01 3.75143768e-01
 -5.62174635e-01 4.11278381e-01
 -3.41838692e-01 5.16121858e-01
 -7.89507529e-01 4.65254608e-01
 -5.65112769e-01 4.05193850e-01
 -4.17796367e-01 2.67982671e-01
 -3.62973924e-01 3.45631133e-01
 -4.99759439e-01 6.51523256e-01
 -4.24045798e-01 3.10633583e-01
 -5.76518580e-01 5.40240877e-01
 -4.41913291e-01 6.41052865e-01
 2.43719723e-01 1.62731036e-01
 7.03039289e-01 2.01073266e-01
 3.85722218e-01 3.85024517e-01
 6.95310547e-01 3.77774660e-01
 1.19057517e+00 1.88293933e-03
 4.13215961e-01 1.92088718e-01
 4.95296444e-01 2.91271904e-01
 6.03473172e-01 -3.33397108e-02
 5.84098089e-01 4.61865954e-01
 5.05320985e-01 5.87872321e-01
 4.43484940e-01 -1.66352620e-01
 6.48978027e-01 3.15246041e-01
 4.60291013e-01 8.22224842e-02
 6.40357014e-01 4.18135434e-01
 4.23707045e-01 -5.99654371e-02
 5.02711411e-01 1.00677599e-01
 6.24028330e-01 1.02802916e-01
 5.14164742e-01 1.91960563e-01
 9.19262525e-01 3.60018383e-01
 7.64304623e-01 3.46917621e-01
 8.90081442e-01 3.31487641e-01
 3.95533614e-01 3.71840348e-01
 6.87905047e-01 -9.83086194e-02
 1.02656845e+00 1.78150163e-01
 3.89606286e-01 4.70391164e-01
 3.06493857e-01 4.08142557e-01
 1.87211780e-01 1.03090299e-01
 2.48090702e-01 2.36981569e-01
 3.22385785e-01 3.18520712e-01
 7.04072878e-01 6.28133863e-01
